26477
12038
32082
73836
64831
41758
85435
94667
78074
43476
70327
50687
23899
60089
31287
47167
9751
18139
56738
55757
84237
62511
23996
85130
75040
20653
24673
98599
25657
95042
96351
43214
51438
34094
34996
11901
46100
98709
81039
75290
20469
7425
47697
71583
78573
39991
6476
65848
31924
56139
40236
13995
79126
40297
18551
50210
75918
49034
68444
30691
14683
46706
89453
33646
63647
39813
4677
65942
19097
34734
87519
1656
91148
29074
42526
32383
60749
26643
61497
41114
54213
52393
75649
47400
64279
81941
55520
22168
94824
24108
99737
16804
17379
51194
47047
97276
7242
96881
95496
55625
